000055
000143
000179
000180
000338
000369
000370
000477
000906
001093
001230
001387
001388
001413
001414
001701
002125
002164
003071
003072
003142
003143
003376
003670
003765
003766
003835
004503
004504
004752
004753
005142
005143
005223
005224
005402
006240
006241
006480
006486
006487
007082
007560
007639
008182
008424
008425
008641
008986
008987
009021
009022
009023
010235
010364
011572
011573
012041
012111
012112
012523
012524
012629
012630
012698
012699
012722
012723
012804
012805
012969
012970
013149
013179
013180
013716
013810
013811
014191
014192
014193
014194
014756
014757
014961
014962
015032
015033
015256
015257
015673
016185
016186
016278
016279
016280
016281
016329
016330
016331
016470
016471
016530
016531
016814
016815
016889
016890
017279
017280
017378
017383
017402
017403
017820
017900
017994
018080
018081
018099
018220
018221
018291
018354
018482
018483
018611
018710
018964
019165
019236
019237
019287
019302
019374
019428
019429
019602
019603
019670
019671
019745
019746
019861
019862
019874
019875
020356
020357
020425
020500
020501
020639
020640
020685
020743
020744
020903
020904
020988
020989
021088
021089
021090
021091
021092
021093
021277
021397
021398
021399
021400
021496
021607
021608
021737
021738
021739
021745
021768
021778
021902
021908
021909
021944
021945
021946
021947
021948
021952
022005
022046
022104
022106
022221
022226
022232
022248
022260
022261
022263
022264
022309
022310
022334
022335
022424
022425
022577
022665
022666
022719
022720
022891
022896
022964
022965
022971
022989
022990
022991
023024
023075
023076
023339
023340
023381
023402
023460
023757
023758
023772
023911
023912
023926
023927
024245
024246
024344
024381
024382
024428
024733
024734
024832
024987
025094
025197
025198
025490
025491
025545
025650
025651
025881
027711
159175
159207
159213
159229
159261
159262
159265
159271
159278
159286
159305
159312
159316
159320
159388
159390
159507
159512
159516
159527
159567
159587
159589
159608
159611
159630
159647
159657
159673
159681
159697
159698
159699
159717
159739
159747
159751
159755
159778
159780
159800
159801
159805
159813
159816
159863
159867
159870
159872
159880
159885
159944
159945
159952
159972
159980
159982
159993
160607
160610
160611
160612
160613
160615
160616
160617
160618
160620
160621
160622
160625
160626
160628
160629
160630
160631
160632
160633
160634
160635
160636
160637
160638
160639
160641
160642
160643
160644
160646
161226
168203
168204
206003
206004
206009
206018
270023
400022
501205
512020
512670
512980
513030
513120
513160
513380
513700
513750
513980
515880
516970
518600
518880
520600
520630
520900
531030
551030
560010
560280
560700
560780
560980
562590
563800
588000
588040
588060
588100
588160
588220
588240
588250
588410
588460
588760
588830
588890
588920
589020
589090
589210
589680
